# time mag emag
57419.17347270847 -0.5359098674083409 0.005427373573184013
57419.15486511475 0.01075476961109878 0.007642849814146757
57419.13723154148 0.004818725475617569 0.00753775704652071
57419.120453086136 -0.006875213950570114 0.007606294006109238
57419.10171118904 -0.00017591492804847064 0.007626594975590706
57419.076850861995 -0.03229147116051401 0.007637977600097656
57419.05917448706 -0.10595310167302685 0.0073919533751904964
57419.0403273871 0.00017591492804847064 0.008011347614228725
57418.38963836029 -0.00991600081620092 0.016748055815696716
57418.366103552275 0.013524177203629861 0.009519445709884167
57418.33673351788 0.0007297346594743459 0.009309493936598301
57418.3026826818 0.02754444422711977 0.008843105286359787
57418.28033479836 0.021983873854489744 0.008756550960242748
57418.262378309715 -0.0018559622777996054 0.008599922060966492
57418.23047821887 -0.0007297346594761223 0.008527543395757675
57418.20520047105 0.010156213231558908 0.008244764059782028
57418.18471902692 0.02048933405621689 0.008287334814667702
57419.2086800529 -0.08971586492282668 0.007703973911702633
57419.232760961684 -0.05334519094738788 0.008226847276091576
57419.26116336136 -0.0006024574878136235 0.00866544060409069
57419.2793299447 0.011798695578843166 0.00868484191596508
57419.30393406358 0.023317132244303096 0.008688285015523434
57419.32475590244 0.007314227967853526 0.00844439584761858
57419.35359620992 0.016045119172886757 0.00979514978826046
57419.37654689301 0.008323914760064 0.008999116718769073
57420.041690168175 -0.02709289105308521 0.008379326201975346
57420.05622456865 -0.008596103378327058 0.008274907246232033
57420.082349608456 0.01966918148155372 0.00849972851574421
57420.10257742614 0.0 0.00846196711063385
57420.12579540531 0.0129080473985006 0.00819831620901823
