# time mag emag
56707.18803237619 -0.08435812544331078 0.007815314456820488
56707.15339102453 0.01400745299093309 0.008068563416600227
56707.13326571989 0.019684500706260266 0.007841347716748714
56707.11555963963 0.021989984568637766 0.007724406197667122
56707.09843386509 0.006603101681168511 0.007551353890448809
56707.07098028491 0.014822982620984249 0.0073235658928751945
56707.047620346144 0.008325446430042405 0.006885888986289501
56707.024071105094 0.01641149845577239 0.00738493399694562
56706.311844250464 0.011739652130982492 0.009612170048058033
56706.29366415603 0.004276458563602148 0.009000953286886215
56706.2770255779 0.003144609965337608 0.008794608525931835
56706.24867407397 -0.0025316129004835375 0.008554183878004551
56706.22895486228 0.014717573625150138 0.008843268267810345
56706.19906594096 -0.014054479587809254 0.008584442548453808
56707.192764424166 -0.04500219863867905 0.00811716914176941
56707.19708066792 -0.024346257273428762 0.00821248535066843
56707.20872298587 -0.014516245329405209 0.008246413432061672
56707.230496406235 -0.01455183403743554 0.008212121203541756
56707.247394677055 -0.008686991160587354 0.008350339718163013
56707.27224922797 0.014076329440245061 0.008595001883804798
56707.29551876254 -0.0031483709288213646 0.008594964630901814
56707.31162752472 -0.0010616502658304938 0.008884694427251816
56707.34678777815 0.0 0.009191823191940784
56708.028715379034 -0.01380610255494652 0.007273518946021795
56708.045977744856 -0.015181741851918673 0.007095004431903362
56708.06319541007 0.0 0.007108328863978386
56708.081156382206 -0.012700634211434192 0.006695862859487534
56708.10057486809 0.009690174955210296 0.007055387832224369
56708.129793547334 -0.0002295765221393964 0.00713615957647562
56708.15666630369 -0.00166372174135887 0.007352554239332676
56708.17874301394 0.006492224624969012 0.0074258544482290745
