# time mag emag
56700.34673788411 -0.85166714177433 0.004356991965323687
56700.342781427295 -0.5861655386720237 0.005083736963570118
56700.33990328596 -0.04750413326770975 0.007289011962711811
56700.33657593817 0.012655064930754634 0.007700415328145027
56700.3312457616 0.010825821880187547 0.007674047257751226
56700.305758795206 0.03118101095434689 0.007819579914212227
56700.28838864528 0.01244965380840668 0.008021184243261814
56700.27597916662 0.0013113583742505597 0.007857571355998516
56700.27130349927 -0.0035878225025900434 0.007851901464164257
56700.266618131776 -0.0137292425623734 0.007687115576118231
56700.23938963928 3.6565673635635676e-06 0.007988817989826202
56700.216352406846 0.006117828635975542 0.008071578107774258
56700.19686122533 -0.02226529811443001 0.007793589029461145
56700.16710549512 0.009634036792382616 0.008123729377985
56700.1194081044 -0.0019727629561305804 0.00825950875878334
56700.09326362521 0.0 0.008390070870518684
56700.07612537642 0.00737628649785016 0.0083424998447299
56700.050783008206 -0.0021370812379704063 0.008234954439103603
56700.03336325487 0.014077518867562588 0.008533750660717487
56699.37033587683 0.0352133544041866 0.007567620370537043
56699.35179399957 0.01958785145337849 0.007362730335444212
56700.34963032564 -0.8191298893729897 0.004437791183590889
56700.36227640715 -0.1691295054996722 0.006723054219037294
56701.03328829913 0.002776340456357218 0.008714696392416954
56701.17670719247 0.007832785188773173 0.00841731857508421
56701.20007451606 -0.010396122367534844 0.008260472677648067
56701.219110579426 -0.0006055365582025019 0.008340613916516304
56701.23581271032 -0.01674174821327057 0.00804311316460371
56701.261318562596 0.004739135356345514 0.008339439518749714
56701.27878240358 0.0006055365582007255 0.008381037972867489
56701.302655232685 -0.0031077558396841454 0.008392072282731533
56701.32489303893 0.01339970623286213 0.008642376400530338
56701.34272858434 -0.004798629821838318 0.008660271763801575
