# time mag emag
55968.30473331278 -0.0648719035323495 0.0024875495582818985
55968.30365692863 -0.048443615825190633 0.002490455284714699
55968.28142345565 0.005718590595884976 0.0026031469460576773
55968.28034707147 0.0072666665752052495 0.0026316745206713676
55968.26064836057 0.005196891440297335 0.002583446679636836
55968.25958347619 0.004641566294589339 0.0026097488589584827
55968.235949622256 0.002816789560233346 0.0026148247998207808
55968.234896337664 0.0011976056834175353 0.002627821173518896
55968.21251246465 0.002310581525113875 0.0026571466587483883
55968.21143608035 0.008445699684758168 0.0026669458020478487
55968.177501374616 -0.0017106033813600874 0.002645540749654174
55968.1764365901 0.005948205462599887 0.0026278242003172636
55968.15941133741 0.0028225254396705424 0.0027914647944271564
55968.158334953034 -8.647910889791888e-05 0.002801187802106142
55968.13245572811 0.007438925489044124 0.0029269468504935503
55968.131379343686 -0.0038828699885637974 0.0029355548322200775
55967.53774187719 -0.0023752357900104215 0.003359090071171522
55967.536665491825 0.00750263798598283 0.0033725660759955645
55967.51805464471 0.002379912350308544 0.0032414502929896116
55967.51697825932 -0.002043645204354405 0.003238246776163578
55967.49761512186 -8.059099314472462e-05 0.00315149687230587
55967.49653873644 0.005660470223778802 0.003207470988854766
55967.47584451637 0.0009484436945008667 0.0030384878627955914
55967.47476823092 -0.0001965330696265255 0.0030227946117520332
55967.45402771082 -0.0001958399209645023 0.002972590969875455
55967.45295132534 9.500789739647075e-05 0.002948265289887786
55967.42820635841 0.0015529060493211233 0.002923075808212161
55967.42714147273 -0.0013211801966264147 0.0029638081323355436
55967.407361638296 0.00393009309509651 0.0029421397484838963
55967.40629685258 0.002566233802896889 0.002856813371181488
55967.386424418786 -0.0026579268234687703 0.002900294726714492
55967.385348133175 -0.001306406352702183 0.0028983489610254765
55967.36724647514 8.059099314294826e-05 0.002895702375099063
55967.36617008951 -0.0014783314540736114 0.0028809267096221447
55968.32240665229 -0.03978462120405801 0.0025214175693690777
55968.323483036394 -0.03387641417588938 0.002544957445934415
55968.343112346505 -0.023696433958320995 0.0025795388501137495
55968.344188730596 -0.0300077238717833 0.002550423378124833
55968.36063528725 -0.011519982224456271 0.002613008487969637
55968.36170007149 -0.0102511477266507 0.0026094571221619844
55968.37941970883 -0.001828202654282407 0.002636496676132083
55968.38049609286 -0.0020043025320379826 0.002675174968317151
55968.39869022266 8.647910889791888e-05 0.0026470914017409086
55968.39975510683 -0.004760772461049001 0.0026380924973636866
55968.416479358006 0.004248307065040535 0.0026664251927286386
55968.41755574198 -0.003623808694188213 0.0026523221749812365
55968.44103919188 0.0014889040266101716 0.002709588734433055
55968.4421155758 0.0006174717081801617 0.002680441364645958
55968.46717300129 -0.003437776640414114 0.0028297468088567257
55968.46826098502 0.003187989149660453 0.0027510246727615595
55968.48342275794 -0.00029584350672706705 0.002848670817911625
55968.484499141814 0.004902946783982287 0.002853615442290902
55968.50745019739 -0.0002355389449384404 0.0029884856194257736
55968.50852658123 0.008059899777082435 0.002999162068590522
55968.53266971806 -0.006082196806113771 0.003186099464073777
55968.53374610184 0.00159215108063826 0.0032139502000063658
55969.14852826601 -0.007587445985997476 0.0029282753821462393
55969.14961614864 0.0003106152949339247 0.0029022046364843845
55969.17241678433 0.003972712101207421 0.002885608933866024
55969.20024033873 0.005878976548075343 0.0033041895367205143
55969.20131672146 0.00327887627378054 0.0029971948824822903
55969.233850998935 -0.0024024405116307435 0.0030393938068300486
